hospitalStats,3,,
index,numTransfers,
1,0
2,207
3,1390
,
